Royal College,Outside,6,55.861830,-4.247068,55.861788,-4.246526,55.862038,-4.246440,55.861889,-4.245188,55.861053,-4.245488,55.861272,-4.247248
James Weir,Outside,8,55.862106,-4.246912,55.861905,-4.245263,55.862469,-4.245033,55.862477,-4.245220,55.862814,-4.245102,55.862880,-4.245714,55.862140,-4.246014,55.862246,-4.246849
Thomas Graham,Outside,14,55.862242,-4.246787,55.862182,-4.246307,55.862295,-4.246264,55.862305,-4.246326,55.862408,-4.246291,55.862402,-4.246176,55.862448,-4.246154,55.862424,-4.245907,55.862807,-4.245765,55.862885,-4.246444,55.862808,-4.246489,55.862825,-4.246717,55.862597,-4.246813,55.862576,-4.246650
Student Union,Outside,4,55.861839,-4.247026,55.861782,-4.246554,55.862036,-4.246449,55.862101,-4.246902
Livingstone Tower,Outside,8,55.861341,-4.243713,55.861286,-4.243256,55.860921,-4.243164,55.860845,-4.243210,55.860928,-4.243641,55.860888,-4.243718,55.860928,-4.243863,55.860987,-4.243888
McCance,Outside,4,55.861511,-4.245114,55.861404,-4.244211,55.860990,-4.244362,55.861106,-4.245274
LT1105,Livingstone Tower11,8,55.8609385924476,-4.243795797228813,55.86089249368565,-4.243636205792427,55.86090528844957,-4.243628829717636,55.860902842392086,-4.2436036840081215,55.860887225252235,-4.243598654866219,55.860892305527315,-4.243427999317646,55.8609824332603,-4.243380054831505,55.861030225334474,-4.243764616549015
LT1102,Livingstone Tower11,10,55.86100369509583,-4.243519529700279,55.86104283189543,-4.2434923723340034,55.8610814041834,-4.2434776201844215,55.86112223431965,-4.243464879691601,55.86112185800523,-4.243444427847862,55.86113879215068,-4.243442080914974,55.8611402974077,-4.243456497788429,55.861203706306604,-4.243440069258213,55.86118752481701,-4.243304282426834,55.86098751352294,-4.243376366794109
LT1106,Livingstone Tower11,10,55.86115629075992,-4.243576191365719,55.86116043021472,-4.2435963079333305,55.861142555293114,-4.243612736463547,55.861132959279196,-4.243593290448189,55.86106089502041,-4.243619441986084,55.86101611350767,-4.243626818060875,55.86103718716716,-4.243768639862537,55.86116268809896,-4.243720695376396,55.86123343507222,-4.243682809174061,55.86121236151919,-4.243545010685921
LT1101a,Livingstone Tower11,4,55.86123851530206,-4.243689179420471,55.86122252198371,-4.24358457326889,55.86124190212157,-4.243577867746353,55.86125714280573,-4.2436811327934265
LT1101,Livingstone Tower11,10,55.86122402723747,-4.2435818910598755,55.861244348157705,-4.243575856089592,55.861255073083534,-4.2436764389276505,55.86128705968689,-4.243657663464546,55.86129345700439,-4.243482984602451,55.861278968960285,-4.24347996711731,55.86127426504871,-4.243466891348362,55.86126052962363,-4.243471920490265,55.86124980469928,-4.2433881014585495,55.86120596418835,-4.2434062063694
LT1101b,Livingstone Tower11,6,55.861289129407375,-4.243443086743355,55.86127633476986,-4.24345850944519,55.86127577030049,-4.243469573557377,55.861263728284705,-4.243473932147026,55.86125262704809,-4.2433904483914375,55.86127031376255,-4.24338273704052
LT1101c,Livingstone Tower11,4,55.86127200717093,-4.243376366794109,55.86124416000108,-4.243289530277252,55.86119015901347,-4.243309982120991,55.86120276552252,-4.2434062063694
LT1107,Livingstone Tower11,4,55.86104113847703,-4.243626147508621,55.861035870063766,-4.243599325418472,55.861010280617755,-4.2436060309410095,55.86101140956426,-4.243627488613129
LT11MToilet ,Livingstone Tower11,8,55.86104302005303,-4.243621118366718,55.86104151479225,-4.243594966828823,55.86103342401453,-4.243594296276569,55.861027591127204,-4.243574179708958,55.86106672790274,-4.243554398417473,55.861069926579766,-4.24357283860445,55.86107726472018,-4.24356110394001,55.861082721285236,-4.243607372045517
LT11FToilet ,Livingstone Tower11,6,55.86105205161653,-4.2435624450445175,55.86106729237517,-4.243555404245853,55.86106352922543,-4.243532605469227,55.86107218446927,-4.243533946573734,55.86106936210736,-4.243484325706959,55.86104508978652,-4.243495725095272
